1  Использовать пример из файла
2  Открыть окно для ввода параметров
Выберите режим [ ]: Input data
I01(RGB) = (180.000000, 120.000000, 90.000000)
I02(RGB) = (90.000000, 160.000000, 210.000000)
O1 = (0.0000, 0.0000, -1.0000)
O2 = (-0.1952, -0.0976, -0.9759)
PL1 = (0.6000, 0.8000, 2.8000)
PL2 = (1.8000, 0.5000, 2.3000)
P0 = (0.0000, 0.0000, 0.0000)
P1 = (3.0000, 0.0000, 0.0000)
P2 = (0.0000, 2.5000, 0.0000)
N = (0.0000, 0.0000, 1.0000)
V = (0.0976, 0.1952, -0.9759)
K(RGB) = (0.720000, 0.550000, 0.380000)
kd = 0.6500
ks = 0.2500
ke = 12.0000
x = 0.20, 0.60, 1.00, 1.40, 1.80
y = 0.20, 0.50, 0.80, 1.10, 1.40



Глобальные координаты PT
y\x;	0.20;	0.60;	1.00;	1.40;	1.80
0.20;	(0.2000, 0.2000, 0.0000);	(0.6000, 0.2000, 0.0000);	(1.0000, 0.2000, 0.0000);	(1.4000, 0.2000, 0.0000);	(1.8000, 0.2000, 0.0000)
0.50;	(0.2000, 0.5000, 0.0000);	(0.6000, 0.5000, 0.0000);	(1.0000, 0.5000, 0.0000);	(1.4000, 0.5000, 0.0000);	(1.8000, 0.5000, 0.0000)
0.80;	(0.2000, 0.8000, 0.0000);	(0.6000, 0.8000, 0.0000);	(1.0000, 0.8000, 0.0000);	(1.4000, 0.8000, 0.0000);	(1.8000, 0.8000, 0.0000)
1.10;	(0.2000, 1.1000, 0.0000);	(0.6000, 1.1000, 0.0000);	(1.0000, 1.1000, 0.0000);	(1.4000, 1.1000, 0.0000);	(1.8000, 1.1000, 0.0000)
1.40;	(0.2000, 1.4000, 0.0000);	(0.6000, 1.4000, 0.0000);	(1.0000, 1.4000, 0.0000);	(1.4000, 1.4000, 0.0000);	(1.8000, 1.4000, 0.0000)

E1(RGB, PT)
y\x;	0.20;	0.60;	1.00;	1.40;	1.80
0.20;	(20.191845, 13.461230, 10.095923);	(20.987507, 13.991672, 10.493754);	(20.191845, 13.461230, 10.095923);	(18.058598, 12.039066, 9.029299);	(15.185689, 10.123793, 7.592844)
0.50;	(21.562123, 14.374749, 10.781062);	(22.440999, 14.960666, 11.220500);	(21.562123, 14.374749, 10.781062);	(19.214404, 12.809603, 9.607202);	(16.073460, 10.715640, 8.036730)
0.80;	(22.050000, 14.700000, 11.025000);	(22.959184, 15.306122, 11.479592);	(22.050000, 14.700000, 11.025000);	(19.624422, 13.082948, 9.812211);	(16.386742, 10.924495, 8.193371)
1.10;	(21.562123, 14.374749, 10.781062);	(22.440999, 14.960666, 11.220500);	(21.562123, 14.374749, 10.781062);	(19.214404, 12.809603, 9.607202);	(16.073460, 10.715640, 8.036730)
1.40;	(20.191845, 13.461230, 10.095923);	(20.987507, 13.991672, 10.493754);	(20.191845, 13.461230, 10.095923);	(18.058598, 12.039066, 9.029299);	(15.185689, 10.123793, 7.592844)

E2(RGB, PT)
y\x;	0.20;	0.60;	1.00;	1.40;	1.80
0.20;	(8.491425, 15.095866, 19.813324);	(11.161950, 19.843467, 26.044550);	(13.879763, 24.675135, 32.386114);	(15.862557, 28.200102, 37.012634);	(16.261742, 28.909763, 37.944065)
0.50;	(8.588903, 15.269160, 20.040773);	(11.328679, 20.139874, 26.433585);	(14.131928, 25.123428, 32.974499);	(16.186750, 28.776444, 37.769082);	(16.603215, 29.516826, 38.740835)
0.80;	(8.299166, 14.754073, 19.364721);	(10.901360, 19.380195, 25.436506);	(13.545311, 24.080553, 31.605726);	(15.467639, 27.498025, 36.091158);	(15.842985, 28.165306, 36.966964)
1.10;	(7.672367, 13.639763, 17.902189);	(9.966322, 17.717905, 23.254751);	(12.254219, 21.785279, 28.593178);	(13.883898, 24.682485, 32.395762);	(14.175122, 25.200218, 33.075286)
1.40;	(6.814915, 12.115404, 15.901468);	(8.705608, 15.476636, 20.313084);	(10.539118, 18.736209, 24.591274);	(11.804905, 20.986499, 27.544779);	(11.997985, 21.329750, 27.995297)

L(RGB, PT, v)
y\x;	0.20;	0.60;	1.00;	1.40;	1.80
0.20;	(4.272919, 3.249677, 2.351541);	(4.789273, 3.850296, 2.872734);	(5.075614, 4.339758, 3.340046);	(5.053202, 4.579048, 3.619934);	(4.684693, 4.441854, 3.580228)
0.50;	(4.491569, 3.373352, 2.423291);	(5.030636, 3.994294, 2.960460);	(5.317308, 4.494726, 3.440173);	(5.273675, 4.732317, 3.724844);	(4.867813, 4.578285, 3.677771)
0.80;	(4.521086, 3.351749, 2.389317);	(5.044172, 3.947157, 2.902437);	(5.302599, 4.413063, 3.351736);	(5.227630, 4.617944, 3.609040);	(4.801231, 4.448255, 3.550620)
1.10;	(4.355034, 3.187933, 2.255150);	(4.827687, 3.718684, 2.710532);	(5.037588, 4.114859, 3.095703);	(4.930622, 4.266442, 3.302380);	(4.506102, 4.087073, 3.232331)
1.40;	(4.023171, 2.910513, 2.043981);	(4.423354, 3.353369, 2.422112);	(4.577962, 3.663933, 2.727196);	(4.448737, 3.758170, 2.875547);	(4.049525, 3.579281, 2.798030)

Таблицы также сохранены в файл: word_tables.txt
