Распределение;Inside ratio;Constraint error;Mean error;Uniformity score
Треугольник;1.000000;1.196610e-17;9.735029e-04;8.658634e-03
Круг;1.000000;3.708858e-17;3.920365e-03;7.766183e-03
Сфера;1.000000;2.307488e-17;4.525330e-03;5.069438e-03
Косинусное распределение;1.000000;3.739564e-17;1.214213e-03;7.480000e-03

Проверка треугольника одинаковыми прямоугольниками
Прямоугольник;x_min;x_max;y_min;y_max;Число точек;Ожидаемое среднее;Ошибка
T1;0.00;0.20;0.00;0.20;8036;8000.00;36.00
T2;0.20;0.40;0.00;0.20;7902;8000.00;-98.00
T3;0.60;0.80;0.00;0.20;8019;8000.00;19.00
T4;0.00;0.20;0.20;0.40;7931;8000.00;-69.00
T5;0.20;0.40;0.20;0.40;8040;8000.00;40.00
T6;0.40;0.60;0.20;0.40;8072;8000.00;72.00
T7;0.20;0.40;0.40;0.60;8061;8000.00;61.00
T8;0.00;0.20;0.60;0.80;7890;8000.00;-110.00

Проверка круга равными секторами
Сектор;phi_min_deg;phi_max_deg;Число точек;Ожидаемое среднее;Ошибка
C1;0.00;45.00;12527;12500.00;27.00
C2;45.00;90.00;12609;12500.00;109.00
C3;90.00;135.00;12420;12500.00;-80.00
C4;135.00;180.00;12588;12500.00;88.00
C5;180.00;225.00;12302;12500.00;-198.00
C6;225.00;270.00;12443;12500.00;-57.00
C7;270.00;315.00;12552;12500.00;52.00
C8;315.00;360.00;12559;12500.00;59.00

Проверка сферы равными частями
Часть;z_min;z_max;phi_min_deg;phi_max_deg;Число точек;Ожидаемое среднее;Ошибка
S1;-1.00;0.00;0.00;90.00;12583;12500.00;83.00
S2;-1.00;0.00;90.00;180.00;12512;12500.00;12.00
S3;-1.00;0.00;180.00;270.00;12484;12500.00;-16.00
S4;-1.00;0.00;270.00;360.00;12486;12500.00;-14.00
S5;0.00;1.00;0.00;90.00;12574;12500.00;74.00
S6;0.00;1.00;90.00;180.00;12363;12500.00;-137.00
S7;0.00;1.00;180.00;270.00;12485;12500.00;-15.00
S8;0.00;1.00;270.00;360.00;12513;12500.00;13.00

Проверка косинусного распределения интервалами по mu
mu_min;mu_max;Число точек;Ожидаемое среднее;Ошибка
0.00;0.05;243;250.00;-7.00
0.05;0.10;695;750.00;-55.00
0.10;0.15;1206;1250.00;-44.00
0.15;0.20;1787;1750.00;37.00
0.20;0.25;2226;2250.00;-24.00
0.25;0.30;2728;2750.00;-22.00
0.30;0.35;3268;3250.00;18.00
0.35;0.40;3773;3750.00;23.00
0.40;0.45;4183;4250.00;-67.00
0.45;0.50;4724;4750.00;-26.00
0.50;0.55;5264;5250.00;14.00
0.55;0.60;5747;5750.00;-3.00
0.60;0.65;6249;6250.00;-1.00
0.65;0.70;6625;6750.00;-125.00
0.70;0.75;7302;7250.00;52.00
0.75;0.80;7800;7750.00;50.00
0.80;0.85;8290;8250.00;40.00
0.85;0.90;8776;8750.00;26.00
0.90;0.95;9357;9250.00;107.00
0.95;1.00;9757;9750.00;7.00
